
 C1: 109.37629866281574s and  C2: 112.71987673925196s

 C1: 109.37629866281574s and  C2: 112.71987673925196s
