
 C1: 2002.821636717024s and  C2: 2016.005646347001s

 C1: 244.5145306605516s and  C2: 246.1294813975465s
