
 C1: 158.86623126762817s and  C2: 162.7499639955917s

 C1: 158.86623126762817s and  C2: 162.7499639955917s
