
 C1: 3653.911852903799s and  C2: 3849.9110727941493s

 C1: 118.8212186043543s and  C2: 127.27818484526313s
