
 C1: 3848.755904093308s and  C2: 3919.515529050703s

 C1: 118.45717732855518s and  C2: 120.59133816386044s
