
 C1: 1830.5888642377292s and  C2: 1911.2373361696452s

 C1: 1.1811566040202064s and  C2: 1.2361320950899342s
