
 C1: 160.72887864567923s and  C2: 166.3102482844953s

 C1: 160.72887864567923s and  C2: 166.3102482844953s
