
 C1: 3751.807477420274s and  C2: 3851.737169313319s

 C1: 120.3480034463503s and  C2: 123.69912951296294s
