
 C1: 1511.1735017642818s and  C2: 1563.5754116802577s

 C1: 1.4471852955673665s and  C2: 1.498477240180965s
