
 C1: 1389.8824290613297s and  C2: 1417.8851707231483s

 C1: 1.5985169600789835s and  C2: 1.631588880767743s
