
 C1: 4238.215523687011s and  C2: 4532.345828138234s

 C1: 107.36391080567608s and  C2: 115.55797846136136s
